%%%%%%%%%%%%%%%%%%%%%%%%%%%%%%%%%%%%%%%%%%%%%%%%%%%%%%%%%%%%%%%%%%%%%%%%%%%%%%
% Dimension:     3
% Domain:        Unit cube divided into six tetrahedra.
% Boundary:      Four dirichlet bndry nodes (one cube face)
%
% rcsid="$Id$"
%%%%%%%%%%%%%%%%%%%%%%%%%%%%%%%%%%%%%%%%%%%%%%%%%%%%%%%%%%%%%%%%%%%%%%%%%%%%%%

mcsf_begin=1;

      dim=3;         % intrinsic manifold dimension
    dimii=3;         % imbedding manifold dimension
 vertices=8;         % number of vertices
simplices=6;         % number of simplices

vert=[
%-------- ---- ----------------- ----------------- -----------------
% Vert-ID Chrt X-Coordinate      Y-Coordinate      Z-Coordinate
%-------- ---- ----------------- ----------------- -----------------
0         0    -4.5000000000e+01 -4.5000000000e+01 -4.5000000000e+01
1         0     4.5000000000e+01 -4.5000000000e+01 -4.5000000000e+01
2         0    -4.5000000000e+01  4.5000000000e+01 -4.5000000000e+01
3         0     4.5000000000e+01  4.5000000000e+01 -4.5000000000e+01
4         0    -4.5000000000e+01 -4.5000000000e+01  4.5000000000e+01
5         0     4.5000000000e+01 -4.5000000000e+01  4.5000000000e+01
6         0    -4.5000000000e+01  4.5000000000e+01  4.5000000000e+01
7         0     4.5000000000e+01  4.5000000000e+01  4.5000000000e+01
];

simp=[
%-------- ---- ---- ------------------- ---------------------------------------
% Simp-ID Grp  Mat  Face-Types          Vertex-Numbers
%-------- ---- ---- ------------------- ---------------------------------------
0         0    0    0    1    0    1    0 5 1 2
1         0    0    0    1    1    0    0 5 2 4
2         0    0    0    1    0    1    1 5 3 2
3         0    0    0    1    0    1    3 5 7 2
4         0    0    1    1    0    0    2 5 7 6
5         0    0    1    1    0    0    2 5 6 4
];

mcsf_end=1;

