/vlex.c/1.10/Sat Jul  5 20:44:12 2003//
D/maloc////
/Makefile.am/1.31/Wed Jun 28 19:50:32 2006//
/README/1.4/Wed Jun 28 19:50:31 2006//
/bash.y/1.2/Wed Jun 28 19:50:32 2006//
/vlex.l/1.5/Wed Jun 28 19:50:32 2006//
/vpars.c/1.5/Wed Jun 28 19:50:32 2006//
/vpup.c/1.8/Wed Jun 28 19:50:32 2006//
/vpup.h/1.11/Wed Jun 28 19:50:32 2006//
/vsh.c/1.23/Wed Jun 28 19:50:32 2006//
/vsh_p.h/1.9/Wed Jun 28 19:50:32 2006//
/vyacc.c/1.10/Wed Jun 28 19:50:32 2006//
/vyacc.h/1.5/Wed Jun 28 19:50:32 2006//
/vyacc.y/1.5/Wed Jun 28 19:50:32 2006//
/Makefile.in/1.190/Thu Aug 17 16:25:38 2006//
